-9.9594 24.5782
-12.7969  7.8247
3.7721  32.3624
-11.4281  26.0543
-13.56  31.7872
-5.8018 23.1133
9.296 42.9227
-3.4597 34.6692
7.057 8.0405
1.2786  41.2663
14.2768 28.1834
11.2389 43.8336
14.962  20.571
2.6933  33.5501
3.2559  15.612
13.1326 21.2547
-11.6916  33.8873
3.1579  21.4722
13.9033 5.0368
12.6511 37.4731
12.5266 22.9291
-2.3887 21.0079
8.7128  9.2738
12.3332 16.9852
14.4016 10.1426
-8.591  3.3397
-13.7743  1.923
0.3748,0.2162
-4.9612 2.5218
-13.1516  23.86
10.3045 41.1654
8.4259  6.8388
7.3055  6.6768
-1.7554 35.4293
4.4074  31.424
-3.6042 11.8119
-0.892  25.2913
-1.2226 5.6591
-1.5708 23.5654
6.6237  38.4326
6.8232  41.9065
-1.9726 21.2917
-1.5227 13.9152
-10.9392  7.638
13.3486 32.8318
-0.5049 10.5869
-5.0601 37.7331
-11.9172  19.7726
12.5713 5.1242
12.4699 41.9946
